[gd_scene load_steps=6 format=3 uid="uid://dc1o2licp3k5t"]

[ext_resource type="PackedScene" uid="uid://clm1jsaq53dd5" path="res://UnknownPi/player.tscn" id="1_2c62f"]
[ext_resource type="PackedScene" path="res://UnknownPi/ground.tscn" id="2_gyfs4"]
[ext_resource type="PackedScene" path="res://UnknownPi/rigidcube.tscn" id="3_gyfs4"]
[ext_resource type="PackedScene" uid="uid://wdmru320mfw3" path="res://UnknownPi/gizmo_translate.tscn" id="4_kf5oe"]

[sub_resource type="Environment" id="Environment_xpv7k"]
background_energy_multiplier = 0.0
glow_enabled = true
glow_intensity = 1.27

[node name="Main Scene" type="Node3D"]

[node name="player" parent="." instance=ExtResource("1_2c62f")]
transform = Transform3D(1, 0, 0, 0, 1, 0, 0, 0, 1, -2.89302, -0.5, 3.35323)

[node name="Camera3D2" type="Camera3D" parent="."]
transform = Transform3D(0.999994, -0.00349065, -1.10402e-10, 0.00185467, 0.531321, 0.847168, -0.00295717, -0.847163, 0.531325, 0, 8.64396, 3.57567)

[node name="ground" parent="." instance=ExtResource("2_gyfs4")]
transform = Transform3D(1, 0, 0, 0, 1, 0, 0, 0, 1, 0, -3, 0)

[node name="DirectionalLight3D" type="DirectionalLight3D" parent="."]
transform = Transform3D(0.731556, -0.24942, -0.63452, 0.657182, 0.01023, 0.753662, -0.181487, -0.968341, 0.171398, 0.31167, 5.11581, 5.16597)
light_energy = 0.1
shadow_enabled = true

[node name="Blocks" type="Node3D" parent="."]
transform = Transform3D(0.182424, -0.98322, 0, 0.98322, 0.182424, 0, 0, 0, 1, 0, 3.9031, -4.39066)

[node name="RigiCube" parent="Blocks" instance=ExtResource("3_gyfs4")]

[node name="RigiCube2" parent="Blocks" instance=ExtResource("3_gyfs4")]
transform = Transform3D(0.336742, -0.123059, -0.933521, -0.123059, 0.977168, -0.173203, 0.933521, 0.173203, 0.31391, 4.54711, 10.2557, -13.3178)

[node name="RigiCube3" parent="Blocks" instance=ExtResource("3_gyfs4")]
transform = Transform3D(0.570571, -0.821248, 0, 0.821248, 0.570571, 0, 0, 0, 1, 1.55063, -10.9023, -13.3178)

[node name="GizmoTranslate" parent="." instance=ExtResource("4_kf5oe")]
transform = Transform3D(1, 0, 0, 0, 1, 0, 0, 0, 1, -1, 0, 0)

[node name="WorldEnvironment" type="WorldEnvironment" parent="."]
environment = SubResource("Environment_xpv7k")
